1617.48 386.609
1791.92 700.584
1717.89 348.217
29.9702 607.99
331.798 294.627
9.33966 238.167
1142.37 1063.33
1326.09 332.469
1215.37 114.079
603.901 1039.77
1851.44 1911.8
470.657 924.162
1687.31 1559.31
784.876 1223
47.4878 1680.29
112.431 1354.41
545.794 551.775
1452.99 1675.22
936.919 1487.47
216.56 1488.88
1217.93 1470.02
450.21 303.111
1979.98 1034.21
1314.62 337.963
1009.61 1399.52
1810.24 283.152
140.752 853.115
1754.51 306.468
355.786 382.703
1007.84 311.107
1137.49 559.161
950.591 1443.83
70.1935 1669.36
209.358 852.444
691.977 1099.09
633.748 1693.96
595.6 1965.94
1522.63 391.981
1780.33 1001.8
101.017 1145.18
1253.52 1686.09
246.651 1684.32
1882.14 628.133
1466.17 280.527
1494.43 1200.48
122.014 3.23596
231.209 421.156
909.025 227.547
147.772 1086.89
580.707 1392.44
1065.16 1155.74
1926.08 1008.27
671.896 379.895
1996.03 914.884
875.455 188.788
580.036 1789.24
403.944 821.437
932.707 903.226
1657.58 1709.59
750.268 1131.5
1810.17 1110.26
1397.02 1209.45
160.772 988.922
1382.24 1240.76
1735.47 1152.07
86.4294 1455.37
1138.4 630.025
1738.09 217.11
653.829 309.764
1640 1281.96
597.492 817.958
646.078 305.308
1918.15 1653.37
1888 600.117
1049.17 1569.93
1751.27 144.537
1010.1 209.602
1102.33 1839.96
758.264 985.077
764.733 1018.53
790.369 1212.56
1246.13 201.24
993.805 1494.67
714.195 1105.63
748.498 353.161
1223.98 1903.44
1278.42 111.821
1193.76 1728.63
252.938 29.3598
131.902 435.134
638.814 681.967
1613.76 1604.79
1801.2 1596.36
507.401 804.835
855.618 132.329
451.125 1096.1
269.418 1616.08
1579.27 1790.46
1713.31 722.252
499.1 458.877